0 m 0 0 5
0 m 0 0 5
0 m 0 0 5
0 m 0 0 5
0 m 0 0 5
0 m 0 0 5
0 m 0 0 5
0 m 0 0 5
0 m 0 0 5
0 m 0 0 5
0 m 0 0 5
0 m 0 0 5
0 m 0 0 5
0 m 0 0 5
0 m 0 0 5
0 m 0 0 5
0 m 0 0 5
0 m 0 0 5
0 m 0 0 5
0 m 0 0 5
0 m 0 0 5
0 m 0 0 5
0 m 0 0 5
0 m 0 0 5
0 m 0 0 5
0 m 0 0 5
0 m 0 0 5
0 m 0 0 5
0 m 0 0 5
0 m 0 0 5
0 s 1.01 0 0
0 s 1.01 0 0
0 s 1.01 0 0
0 s 1.01 0 0
0 s 1.01 0 0
0 s 1.01 0 0
0 s 1.01 0 0
0 s 1.01 0 0
0 s 1.01 0 0
0 s 1.01 0 0
0 s 1.01 0 0
0 s 1.01 0 0
0 s 1.01 0 0
0 s 1.01 0 0
0 s 1.01 0 0
0 s 1.01 0 0
0 s 1.01 0 0
0 s 1.01 0 0
0 s 1.01 0 0
0 s 1.01 0 0
0 s 1.01 0 0
0 s 1.01 0 0
0 s 1.01 0 0
0 s 1.01 0 0
0 s 1.01 0 0
0 s 1.01 0 0
0 s 1.01 0 0
0 s 1.01 0 0
0 s 1.01 0 0
0 s 1.01 0 0
