1 m 0 0 -5
1 m 0 0 -5
1 m 0 0 -5
1 m 0 0 -5
1 m 0 0 -5
1 m 0 0 -5
1 m 0 0 -5
1 m 0 0 -5
1 m 0 0 -5
1 m 0 0 -5
1 m 0 0 -5
1 m 0 0 -5
1 m 0 0 -5
1 m 0 0 -5
1 m 0 0 -5
1 m 0 0 -5
1 m 0 0 -5
1 m 0 0 -5
1 m 0 0 -5
1 m 0 0 -5
1 m 0 0 -5
1 m 0 0 -5
1 m 0 0 -5
1 m 0 0 -5
1 m 0 0 -5
1 m 0 0 -5
1 m 0 0 -5
1 m 0 0 -5
1 m 0 0 -5
1 m 0 0 -5
1 r 0 0 6
1 r 0 0 6
1 r 0 0 6
1 r 0 0 6
1 r 0 0 6
1 r 0 0 6
1 r 0 0 6
1 r 0 0 6
1 r 0 0 6
1 r 0 0 6
1 r 0 0 6
1 r 0 0 6
1 r 0 0 6
1 r 0 0 6
1 r 0 0 6
1 r 0 0 6
1 r 0 0 6
1 r 0 0 6
1 r 0 0 6
1 r 0 0 6
1 r 0 0 6
1 r 0 0 6
1 r 0 0 6
1 r 0 0 6
1 r 0 0 6
1 r 0 0 6
1 r 0 0 6
1 r 0 0 6
1 r 0 0 6
1 r 0 0 6
1 r 0 0 6
1 r 0 0 6
1 r 0 0 6
1 r 0 0 6
1 r 0 0 6
1 r 0 0 6
1 r 0 0 6
1 r 0 0 6
1 r 0 0 6
1 r 0 0 6
1 r 0 0 6
1 r 0 0 6
1 r 0 0 6
1 r 0 0 6
1 r 0 0 6
1 r 0 0 6
1 r 0 0 6
1 r 0 0 6
1 r 0 0 6
1 r 0 0 6
1 r 0 0 6
1 r 0 0 6
1 r 0 0 6
1 r 0 0 6
1 r 0 0 6
1 r 0 0 6
1 r 0 0 6
1 r 0 0 6
1 r 0 0 6
1 r 0 0 6
